[performance_estimation] ,0,0.890205,1.000000,0.000000,0.000000,-1.#IND00 
[performance_estimation] ,64,0.890234,0.995849,0.693274,0.614615,0.614615 
[performance_estimation] ,128,0.890581,0.988724,0.790242,0.695839,0.655227 
[performance_estimation] ,192,0.891280,0.978710,0.766130,0.668299,0.659584 
[performance_estimation] ,256,0.892158,0.965618,0.770298,0.663600,0.660588 
[performance_estimation] ,320,0.893166,0.950160,0.777824,0.660101,0.660491 
[performance_estimation] ,384,0.894594,0.941945,0.801820,0.675660,0.663019 
[performance_estimation] ,448,0.896183,0.936797,0.865240,0.726405,0.672074 
[performance_estimation] ,512,0.897943,0.935603,0.850275,0.714332,0.677356 
[performance_estimation] ,576,0.899782,0.938837,0.804570,0.679659,0.677612 
[performance_estimation] ,640,0.901386,0.945800,0.845702,0.720987,0.681950 
[performance_estimation] ,704,0.902945,0.943263,0.862374,0.734497,0.686727 
[performance_estimation] ,768,0.904638,0.948330,0.842315,0.722618,0.689718 
[performance_estimation] ,832,0.905813,0.954105,0.786450,0.679682,0.688946 
[performance_estimation] ,896,0.907055,0.959748,0.841591,0.732642,0.692067 
[performance_estimation] ,960,0.908003,0.966598,0.829434,0.727973,0.694461 
[performance_estimation] ,1024,0.908681,0.976243,0.772701,0.685458,0.693898 
[performance_estimation] ,1088,0.909275,0.980892,0.844428,0.753146,0.697383 
[performance_estimation] ,1152,0.909902,0.986458,0.785234,0.704811,0.697796 
[performance_estimation] ,1216,0.910306,0.989853,0.832966,0.750560,0.700573 
[performance_estimation] ,1280,0.910510,0.993831,0.812009,0.734781,0.702283 
[performance_estimation] ,1344,0.910849,0.995445,0.679207,0.615837,0.698167 
[performance_estimation] ,1408,0.911043,0.996471,0.827032,0.750802,0.700559 
[performance_estimation] ,1472,0.911307,0.996283,0.793021,0.719999,0.701405 
[performance_estimation] ,1536,0.911296,0.998071,0.795365,0.723415,0.702322 
[performance_estimation] ,1600,0.911431,0.999706,0.778751,0.709569,0.702611 
[performance_estimation] ,1664,0.911394,0.997618,0.795278,0.723086,0.703399 
[performance_estimation] ,1728,0.911318,0.997817,0.842518,0.766126,0.705722 
[performance_estimation] ,1792,0.911194,0.999464,0.768591,0.699959,0.705516 
[performance_estimation] ,1856,0.911273,0.999054,0.813167,0.740316,0.706716 
[performance_estimation] ,1920,0.911135,0.996529,0.824369,0.748504,0.708109 
[performance_estimation] ,1984,0.911197,0.996358,0.874966,0.794362,0.710892 
[performance_estimation] ,2048,0.911273,0.997898,0.843415,0.766966,0.712644 
[performance_estimation] ,2112,0.911280,0.996776,0.836121,0.759484,0.714063 
[performance_estimation] ,2176,0.911167,0.997872,0.837105,0.761119,0.715447 
[performance_estimation] ,2240,0.911316,0.997847,0.773338,0.703238,0.715098 
[performance_estimation] ,2304,0.911359,0.996600,0.785871,0.713776,0.715062 
[performance_estimation] ,2368,0.911317,0.998703,0.840115,0.764618,0.716401 
[performance_estimation] ,2432,0.911229,0.998645,0.794034,0.722566,0.716563 
[performance_estimation] ,2496,0.911508,0.997781,0.829318,0.754253,0.717530 
[performance_estimation] ,2560,0.911508,0.997703,0.815164,0.741322,0.718125 
[performance_estimation] ,2624,0.911220,0.998326,0.874039,0.795109,0.720002 
[performance_estimation] ,2688,0.911167,0.999222,0.754552,0.686988,0.719216 
[performance_estimation] ,2752,0.911223,0.999068,0.901740,0.820921,0.721581 
[performance_estimation] ,2816,0.911414,0.997167,0.798607,0.725800,0.721677 
[performance_estimation] ,2880,0.911488,0.995896,0.817451,0.742038,0.722130 
[performance_estimation] ,2944,0.911324,0.996927,0.749429,0.680873,0.721233 
[performance_estimation] ,3008,0.911004,0.997642,0.812385,0.738341,0.721597 
[performance_estimation] ,3072,0.910748,0.997038,0.812819,0.738081,0.721940 
[performance_estimation] ,3136,0.910662,0.994585,0.773251,0.700357,0.721500 
[performance_estimation] ,3200,0.910698,0.996828,0.852562,0.773963,0.722549 
[performance_estimation] ,3264,0.910553,0.998681,0.806683,0.733559,0.722765 
[performance_estimation] ,3328,0.910529,0.998017,0.876615,0.796601,0.724185 
[performance_estimation] ,3392,0.910670,0.996824,0.835281,0.758250,0.724828 
[performance_estimation] ,3456,0.910842,0.995046,0.883215,0.800484,0.726229 
[performance_estimation] ,3520,0.910943,0.992978,0.839970,0.759792,0.726839 
[performance_estimation] ,3584,0.910923,0.997680,0.744132,0.676275,0.725936 
[performance_estimation] ,3648,0.910879,0.996344,0.770733,0.699477,0.725472 
[performance_estimation] ,3712,0.910687,0.992592,0.835368,0.755123,0.725983 
[performance_estimation] ,3776,0.910899,0.993528,0.774235,0.700685,0.725554 
[performance_estimation] ,3840,0.910753,0.998101,0.825353,0.750265,0.725966 
[performance_estimation] ,3904,0.910497,0.997692,0.723696,0.657403,0.724842 
[performance_estimation] ,3968,0.910636,0.995041,0.839189,0.760406,0.725416 
[performance_estimation] ,4032,0.911003,0.994756,0.894880,0.810963,0.726774 
[performance_estimation] ,4096,0.911383,0.996040,0.809896,0.735203,0.726905 
[performance_estimation] ,4160,0.911754,0.995271,0.819332,0.743496,0.727161 
[performance_estimation] ,4224,0.911856,0.995181,0.817364,0.741726,0.727381 
[performance_estimation] ,4288,0.912120,0.995324,0.788245,0.715612,0.727206 
[performance_estimation] ,4352,0.912393,0.992610,0.818290,0.741085,0.727410 
[performance_estimation] ,4416,0.912575,0.989046,0.671449,0.606036,0.725651 
[performance_estimation] ,4480,0.912587,0.974133,0.576364,0.512377,0.722604 
[performance_estimation] ,4544,0.912580,0.943871,0.595844,0.513235,0.719655 
[performance_estimation] ,4608,0.912741,0.954708,0.641317,0.558844,0.717421 
[performance_estimation] ,4672,0.912115,0.935857,0.554452,0.473285,0.714077 
[performance_estimation] ,4736,0.912672,0.952902,0.711394,0.618691,0.712788 
[performance_estimation] ,4800,0.912215,0.933466,0.570430,0.485733,0.709761 
[performance_estimation] ,4864,0.911240,0.925434,0.439856,0.370928,0.705302 
[performance_estimation] ,4928,0.911912,0.948378,0.695648,0.601623,0.703956 
[performance_estimation] ,4992,0.912094,0.969841,0.614919,0.543949,0.701905 
[performance_estimation] ,5056,0.912140,0.974048,0.610432,0.542350,0.699885 
[performance_estimation] ,5120,0.912318,0.976645,0.620100,0.552516,0.698043 
[performance_estimation] ,5184,0.912418,0.968150,0.560328,0.494970,0.695536 
[performance_estimation] ,5248,0.912090,0.955373,0.693072,0.603933,0.694419 
[performance_estimation] ,5312,0.911605,0.953859,0.673070,0.585263,0.693103 
[performance_estimation] ,5376,0.910893,0.918873,0.534450,0.447333,0.690178 
[performance_estimation] ,5440,0.910251,0.926360,0.676891,0.570768,0.688773 
[performance_estimation] ,5504,0.909704,0.897395,0.602154,0.491576,0.686480 
[performance_estimation] ,5568,0.909234,0.878192,0.622155,0.496780,0.684299 
[performance_estimation] ,5632,0.908616,0.840769,0.583571,0.445811,0.681589 
[performance_estimation] ,5696,0.908298,0.836874,0.644820,0.490148,0.679438 
[performance_estimation] ,5760,0.908081,0.833315,0.648062,0.490400,0.677338 
[performance_estimation] ,5824,0.907787,0.830856,0.694172,0.523572,0.675648 
[performance_estimation] ,5888,0.907345,0.807858,0.668960,0.490352,0.673634 
[performance_estimation] ,5952,0.906943,0.853983,0.607017,0.470143,0.671446 
[performance_estimation] ,6016,0.906736,0.890447,0.642388,0.518665,0.669821 
[performance_estimation] ,6080,0.906792,0.891084,0.778722,0.629229,0.669393 
[performance_estimation] ,6144,0.906560,0.921333,0.668092,0.558020,0.668233 
[performance_estimation] ,6208,0.906556,0.942777,0.692985,0.592281,0.667450 
[performance_estimation] ,6272,0.906676,0.953669,0.792673,0.685400,0.667633 
[performance_estimation] ,6336,0.906986,0.961450,0.821243,0.716141,0.668123 
[performance_estimation] ,6400,0.907249,0.969001,0.772064,0.678741,0.668229 
[performance_estimation] ,6464,0.907688,0.975814,0.793947,0.703226,0.668576 
[performance_estimation] ,6528,0.908293,0.981555,0.804859,0.717564,0.669056 
[performance_estimation] ,6592,0.908828,0.985502,0.836352,0.749080,0.669833 
[performance_estimation] ,6656,0.909243,0.987118,0.854501,0.766941,0.670767 
[performance_estimation] ,6720,0.909911,0.986755,0.892507,0.801345,0.672010 
[performance_estimation] ,6784,0.910663,0.989985,0.816148,0.735792,0.672612 
[performance_estimation] ,6848,0.911389,0.991456,0.852388,0.770220,0.673524 
[performance_estimation] ,6912,0.912089,0.992285,0.846483,0.766111,0.674382 
[performance_estimation] ,6976,0.912723,0.990979,0.880523,0.796424,0.675501 
[performance_estimation] ,7040,0.913297,0.990750,0.911119,0.824424,0.676855 
[performance_estimation] ,7104,0.913944,0.991000,0.860956,0.779783,0.677782 
[performance_estimation] ,7168,0.914477,0.990141,0.893809,0.809309,0.678957 
[performance_estimation] ,7232,0.915255,0.991085,0.851230,0.772148,0.679782 
[performance_estimation] ,7296,0.915726,0.992829,0.857251,0.779378,0.680655 
[performance_estimation] ,7360,0.916439,0.992367,0.855977,0.778463,0.681506 
[performance_estimation] ,7424,0.917129,0.993093,0.834210,0.759793,0.682181 
[performance_estimation] ,7488,0.917901,0.993485,0.864921,0.788740,0.683091 
[performance_estimation] ,7552,0.918796,0.992974,0.835542,0.762299,0.683763 
[performance_estimation] ,7616,0.919621,0.992656,0.841302,0.767996,0.684471 
[performance_estimation] ,7680,0.920214,0.991714,0.836960,0.763801,0.685132 
[performance_estimation] ,7744,0.921058,0.990943,0.822777,0.750961,0.685676 
[performance_estimation] ,7808,0.921804,0.992243,0.859538,0.786179,0.686499 
[performance_estimation] ,7872,0.922467,0.992824,0.747779,0.684852,0.686486 
[performance_estimation] ,7936,0.923237,0.993621,0.788013,0.722882,0.686780 
[performance_estimation] ,8000,0.924112,0.996506,0.713826,0.657350,0.686544 
[performance_estimation] ,8064,0.924833,0.989626,0.661897,0.605795,0.685903 
[performance_estimation] ,8128,0.925712,0.978818,0.526317,0.476898,0.684258 
[performance_estimation] ,8192,0.926811,0.945711,0.535811,0.469635,0.682581 
[performance_estimation] ,8256,0.927807,0.924591,0.523596,0.449162,0.680771 
[performance_estimation] ,8320,0.928367,0.886795,0.507473,0.417788,0.678748 
[performance_estimation] ,8384,0.928674,0.834796,0.481538,0.373314,0.676417 
[performance_estimation] ,8448,0.928753,0.857786,0.519775,0.414090,0.674430 
[performance_estimation] ,8512,0.928888,0.871013,0.558041,0.451496,0.672753 
[performance_estimation] ,8576,0.928903,0.839629,0.561196,0.437696,0.670999 
[performance_estimation] ,8640,0.929287,0.835254,0.414645,0.321844,0.668413 
[performance_estimation] ,8704,0.929471,0.806915,0.474707,0.356032,0.666116 
[performance_estimation] ,8768,0.928881,0.783629,0.556507,0.405080,0.664211 
[performance_estimation] ,8832,0.928714,0.768611,0.493608,0.352347,0.661951 
[performance_estimation] ,8896,0.928076,0.770144,0.558186,0.398964,0.660059 
[performance_estimation] ,8960,0.927786,0.771891,0.460813,0.330011,0.657701 
[performance_estimation] ,9024,0.926995,0.780663,0.372818,0.269798,0.654950 
[performance_estimation] ,9088,0.926413,0.830381,0.388217,0.298647,0.652441 
[performance_estimation] ,9152,0.925407,0.833982,0.389665,0.300732,0.649982 
[performance_estimation] ,9216,0.924141,0.816724,0.279643,0.211066,0.646934 
[performance_estimation] ,9280,0.922840,0.833286,0.416179,0.320037,0.644679 
[performance_estimation] ,9344,0.921236,0.790474,0.318155,0.231685,0.641850 
[performance_estimation] ,9408,0.919447,0.793125,0.442259,0.322511,0.639678 
[performance_estimation] ,9472,0.917939,0.794170,0.225544,0.164421,0.636467 
[performance_estimation] ,9536,0.915539,0.775901,0.425774,0.302456,0.634225 
[performance_estimation] ,9600,0.913746,0.749701,0.302220,0.207032,0.631377 
[performance_estimation] ,9664,0.911488,0.765848,0.350704,0.244813,0.628817 
[performance_estimation] ,9728,0.909603,0.828794,0.291424,0.219697,0.626126 
[performance_estimation] ,9792,0.907436,0.840776,0.388058,0.296069,0.623968 
[performance_estimation] ,9856,0.905379,0.840611,0.398493,0.303282,0.621886 
[performance_estimation] ,9920,0.903554,0.854026,0.479179,0.369762,0.620259 
[performance_estimation] ,9984,0.901860,0.842499,0.507661,0.385729,0.618756 
[performance_estimation] ,10048,0.900390,0.820061,0.528661,0.390350,0.617301 
[performance_estimation] ,10112,0.898938,0.796967,0.511482,0.366438,0.615713 
[performance_estimation] ,10176,0.897216,0.773319,0.586104,0.406659,0.614399 
[performance_estimation] ,10240,0.895643,0.805582,0.550066,0.396881,0.613039 
[performance_estimation] ,10304,0.894083,0.800865,0.552672,0.395734,0.611689 
[performance_estimation] ,10368,0.892899,0.783362,0.456384,0.319224,0.609884 
[performance_estimation] ,10432,0.891461,0.731020,0.417612,0.272148,0.607812 
[performance_estimation] ,10496,0.890199,0.747615,0.419493,0.279184,0.605808 
[performance_estimation] ,10560,0.888682,0.792382,0.488181,0.343765,0.604220 
[performance_estimation] ,10624,0.886954,0.786667,0.542497,0.378521,0.602860 
[performance_estimation] ,10688,0.885530,0.802018,0.522496,0.371082,0.601472 
[performance_estimation] ,10752,0.884172,0.776206,0.515925,0.354079,0.600000 
[performance_estimation] ,10816,0.882900,0.823609,0.506822,0.368543,0.598630 
[performance_estimation] ,10880,0.881729,0.839091,0.552266,0.408595,0.597512 
[performance_estimation] ,10944,0.880580,0.830763,0.624587,0.456919,0.596690 
[performance_estimation] ,11008,0.879603,0.850526,0.587276,0.439356,0.595776 
[performance_estimation] ,11072,0.878732,0.852641,0.634023,0.475037,0.595078 
[performance_estimation] ,11136,0.877916,0.830083,0.630810,0.459698,0.594300 
[performance_estimation] ,11200,0.877120,0.837732,0.627539,0.461110,0.593539 
[performance_estimation] ,11264,0.876583,0.828613,0.598015,0.434366,0.592634 
[performance_estimation] ,11328,0.876223,0.852956,0.656644,0.490762,0.592059 
[performance_estimation] ,11392,0.875971,0.838885,0.700873,0.515028,0.591626 
[performance_estimation] ,11456,0.875685,0.844563,0.669713,0.495300,0.591088 
[performance_estimation] ,11520,0.875595,0.844917,0.717864,0.531079,0.590754 
[performance_estimation] ,11584,0.875549,0.838117,0.684576,0.502351,0.590266 
[performance_estimation] ,11648,0.875495,0.832939,0.731019,0.533084,0.589952 
[performance_estimation] ,11712,0.875579,0.849205,0.618884,0.460169,0.589243 
[performance_estimation] ,11776,0.875813,0.838296,0.629623,0.462263,0.588552 
[performance_estimation] ,11840,0.875916,0.835645,0.613718,0.449213,0.587799 
[performance_estimation] ,11904,0.876026,0.873488,0.614224,0.470003,0.587166 
[performance_estimation] ,11968,0.876387,0.867030,0.718472,0.545933,0.586945 
[performance_estimation] ,12032,0.876634,0.898936,0.648467,0.511016,0.586542 
[performance_estimation] ,12096,0.877123,0.894530,0.748821,0.587534,0.586547 
[performance_estimation] ,12160,0.877600,0.920687,0.668266,0.539955,0.586302 
[performance_estimation] ,12224,0.878132,0.932221,0.716257,0.586337,0.586302 
[performance_estimation] ,12288,0.878865,0.934040,0.724101,0.594411,0.586344 
[performance_estimation] ,12352,0.879842,0.936583,0.731396,0.602703,0.586429 
[performance_estimation] ,12416,0.880975,0.934491,0.757736,0.623816,0.586621 
[performance_estimation] ,12480,0.882266,0.936792,0.785220,0.648984,0.586941 
[performance_estimation] ,12544,0.883479,0.942037,0.771818,0.642361,0.587224 
[performance_estimation] ,12608,0.884798,0.944002,0.809737,0.676334,0.587676 
[performance_estimation] ,12672,0.886095,0.948798,0.773121,0.649982,0.587991 
[performance_estimation] ,12736,0.887454,0.944970,0.784496,0.657893,0.588342 
[performance_estimation] ,12800,0.889040,0.947723,0.802935,0.676524,0.588783 
[performance_estimation] ,12864,0.890499,0.953953,0.796928,0.676986,0.589222 
[performance_estimation] ,12928,0.891897,0.952505,0.840014,0.713622,0.589838 
[performance_estimation] ,12992,0.893687,0.959974,0.784467,0.673008,0.590248 
[performance_estimation] ,13056,0.895139,0.962902,0.813862,0.701492,0.590793 
[performance_estimation] ,13120,0.896592,0.966891,0.824991,0.715191,0.591400 
[performance_estimation] ,13184,0.897876,0.966242,0.857063,0.743558,0.592138 
[performance_estimation] ,13248,0.899081,0.966910,0.816481,0.709792,0.592707 
[performance_estimation] ,13312,0.900355,0.965721,0.813485,0.707318,0.593258 
[performance_estimation] ,13376,0.901804,0.967152,0.817726,0.713205,0.593832 
[performance_estimation] ,13440,0.903219,0.971876,0.801328,0.703419,0.594353 
[performance_estimation] ,13504,0.904548,0.971545,0.823225,0.723458,0.594965 
[performance_estimation] ,13568,0.906066,0.972078,0.770067,0.678250,0.595358 
[performance_estimation] ,13632,0.907190,0.974154,0.768099,0.678802,0.595750 
[performance_estimation] ,13696,0.908350,0.976551,0.774843,0.687324,0.596178 
[performance_estimation] ,13760,0.909866,0.973696,0.765334,0.678035,0.596559 
[performance_estimation] ,13824,0.911041,0.980552,0.746664,0.667013,0.596885 
[performance_estimation] ,13888,0.912464,0.979057,0.650044,0.580720,0.596810 
[performance_estimation] ,13952,0.913493,0.975469,0.735361,0.655269,0.597079 
[performance_estimation] ,14016,0.914137,0.973646,0.736505,0.655523,0.597345 
[performance_estimation] ,14080,0.915444,0.980434,0.596582,0.535452,0.597064 
[performance_estimation] ,14144,0.915998,0.982138,0.619854,0.557643,0.596886 
[performance_estimation] ,14208,0.916243,0.971248,0.650898,0.579234,0.596806 
[performance_estimation] ,14272,0.916633,0.952312,0.627380,0.547653,0.596586 
[performance_estimation] ,14336,0.917155,0.956529,0.557274,0.488888,0.596105 
[performance_estimation] ,14400,0.917068,0.935256,0.637641,0.546901,0.595886 
[performance_estimation] ,14464,0.917178,0.934029,0.593470,0.508409,0.595499 
[performance_estimation] ,14528,0.916960,0.951033,0.648134,0.565211,0.595366 
[performance_estimation] ,14592,0.917138,0.965383,0.645167,0.571224,0.595260 
[performance_estimation] ,14656,0.917245,0.980064,0.643662,0.578625,0.595187 
[performance_estimation] ,14720,0.917249,0.992568,0.602328,0.548378,0.594984 
[performance_estimation] ,14784,0.917301,0.994030,0.696531,0.635114,0.595158 
[performance_estimation] ,14848,0.917263,0.979836,0.655920,0.589520,0.595133 
[performance_estimation] ,14912,0.917344,0.965879,0.748647,0.663333,0.595426 
[performance_estimation] ,14976,0.917943,0.960245,0.826105,0.728171,0.595993 
[performance_estimation] ,15040,0.917913,0.938497,0.661463,0.569823,0.595882 
[performance_estimation] ,15104,0.918035,0.914319,0.662853,0.556384,0.595715 
[performance_estimation] ,15168,0.918018,0.897420,0.707906,0.583207,0.595662 
[performance_estimation] ,15232,0.917753,0.901707,0.696922,0.576734,0.595582 
[performance_estimation] ,15296,0.917776,0.904021,0.713435,0.591929,0.595567 
[performance_estimation] ,15360,0.917802,0.915398,0.734435,0.617039,0.595656 
[performance_estimation] ,15424,0.917862,0.924559,0.778751,0.660861,0.595927 
[performance_estimation] ,15488,0.917910,0.934173,0.805381,0.690603,0.596318 
[performance_estimation] ,15552,0.918046,0.944764,0.755015,0.654853,0.596559 
[performance_estimation] ,15616,0.917825,0.954761,0.822053,0.720368,0.597066 
[performance_estimation] ,15680,0.917548,0.971495,0.709093,0.632081,0.597209 
[performance_estimation] ,15744,0.917377,0.972942,0.781602,0.697622,0.597618 
[performance_estimation] ,15808,0.916202,0.971061,0.572847,0.509655,0.597261 
[performance_estimation] ,15872,0.914903,0.959471,0.577420,0.506873,0.596897 
[performance_estimation] ,15936,0.914420,0.950383,0.680452,0.591346,0.596875 
[performance_estimation] ,16000,0.913535,0.926185,0.664749,0.562446,0.596737 
[performance_estimation] ,16064,0.912446,0.877539,0.611098,0.489310,0.596309 
[performance_estimation] ,16128,0.911899,0.893183,0.691176,0.562958,0.596176 
[performance_estimation] ,16192,0.911565,0.908787,0.682217,0.565161,0.596054 
[performance_estimation] ,16256,0.911353,0.915463,0.655674,0.547036,0.595861 
[performance_estimation] ,16320,0.911621,0.913121,0.735622,0.612346,0.595926 
[performance_estimation] ,16384,0.911854,0.918586,0.759878,0.636486,0.596084 
[performance_estimation] ,16448,0.911704,0.897815,0.739993,0.605714,0.596121 
[performance_estimation] ,16512,0.911660,0.864901,0.641679,0.505961,0.595772 
[performance_estimation] ,16576,0.911620,0.857296,0.706691,0.552298,0.595604 
[performance_estimation] ,16640,0.911191,0.875066,0.658019,0.524673,0.595331 
[performance_estimation] ,16704,0.910823,0.891676,0.693795,0.563472,0.595209 
[performance_estimation] ,16768,0.911008,0.896887,0.662332,0.541172,0.595003 
[performance_estimation] ,16832,0.910896,0.912597,0.743437,0.618005,0.595091 
[performance_estimation] ,16896,0.910629,0.930544,0.714028,0.605053,0.595128 
[performance_estimation] ,16960,0.910640,0.935876,0.790474,0.673678,0.595425 
[performance_estimation] ,17024,0.910649,0.937000,0.795105,0.678446,0.595737 
[performance_estimation] ,17088,0.910677,0.945235,0.761325,0.655352,0.595960 
[performance_estimation] ,17152,0.910678,0.950432,0.789142,0.683032,0.596285 
[performance_estimation] ,17216,0.910478,0.959798,0.750789,0.656096,0.596507 
[performance_estimation] ,17280,0.910079,0.970304,0.780401,0.689136,0.596850 
[performance_estimation] ,17344,0.909712,0.977937,0.776536,0.690839,0.597197 
[performance_estimation] ,17408,0.909892,0.981196,0.817957,0.730258,0.597686 
[performance_estimation] ,17472,0.909857,0.983793,0.832039,0.744767,0.598225 
[performance_estimation] ,17536,0.909709,0.988213,0.841664,0.756644,0.598803 
[performance_estimation] ,17600,0.909919,0.987730,0.835643,0.751038,0.599357 
[performance_estimation] ,17664,0.910122,0.990827,0.795438,0.717305,0.599784 
[performance_estimation] ,17728,0.910190,0.990841,0.842879,0.760154,0.600363 
[performance_estimation] ,17792,0.910330,0.992447,0.839826,0.758745,0.600933 
[performance_estimation] ,17856,0.910407,0.992895,0.876384,0.792197,0.601618 
[performance_estimation] ,17920,0.910359,0.994776,0.842807,0.763249,0.602196 
[performance_estimation] ,17984,0.910452,0.995158,0.884054,0.800992,0.602903 
[performance_estimation] ,18048,0.910542,0.995670,0.850289,0.770872,0.603499 
[performance_estimation] ,18112,0.910746,0.996218,0.815975,0.740335,0.603982 
[performance_estimation] ,18176,0.910865,0.997402,0.812935,0.738550,0.604456 
[performance_estimation] ,18240,0.911014,0.995889,0.843690,0.765454,0.605021 
[performance_estimation] ,18304,0.911232,0.996819,0.819144,0.744056,0.605507 
[performance_estimation] ,18368,0.911255,0.997651,0.851013,0.773668,0.606093 
[performance_estimation] ,18432,0.911223,0.999179,0.807638,0.735335,0.606542 
[performance_estimation] ,18496,0.911394,0.998719,0.829116,0.754683,0.607054 
[performance_estimation] ,18560,0.911541,0.998228,0.800011,0.727950,0.607471 
[performance_estimation] ,18624,0.911620,0.998696,0.852909,0.776515,0.608052 
[performance_estimation] ,18688,0.911883,0.999325,0.816177,0.743756,0.608517 
[performance_estimation] ,18752,0.912152,0.998983,0.857338,0.781226,0.609106 
[performance_estimation] ,18816,0.912499,0.998875,0.854472,0.778828,0.609684 
[performance_estimation] ,18880,0.912823,0.998786,0.881232,0.803432,0.610340 
[performance_estimation] ,18944,0.913134,0.999149,0.845427,0.771331,0.610884 
[performance_estimation] ,19008,0.913313,0.998833,0.874430,0.797696,0.611513 
[performance_estimation] ,19072,0.913385,0.998545,0.867845,0.791523,0.612117 
[performance_estimation] ,19136,0.913466,0.998635,0.872057,0.795507,0.612731 
[performance_estimation] ,19200,0.913538,0.998704,0.897659,0.818983,0.613418 
[performance_estimation] ,19264,0.913721,0.998600,0.861361,0.785942,0.613991 
[performance_estimation] ,19328,0.913843,0.999119,0.849537,0.775659,0.614527 
[performance_estimation] ,19392,0.914077,0.998701,0.813471,0.742609,0.614949 
[performance_estimation] ,19456,0.914411,0.999203,0.855254,0.781430,0.615497 
[performance_estimation] ,19520,0.914608,0.998888,0.831547,0.759695,0.615970 
[performance_estimation] ,19584,0.914690,0.998677,0.874589,0.798919,0.616568 
[performance_estimation] ,19648,0.914733,0.999215,0.830143,0.758764,0.617031 
[performance_estimation] ,19712,0.914951,0.999339,0.859103,0.785518,0.617578 
[performance_estimation] ,19776,0.915083,0.999246,0.854197,0.781072,0.618107 
[performance_estimation] ,19840,0.915134,0.999702,0.868105,0.794196,0.618675 
[performance_estimation] ,19904,0.915268,0.999785,0.882926,0.807940,0.619284 
[performance_estimation] ,19968,0.915330,0.999884,0.863301,0.790113,0.619831 
[performance_estimation] ,20032,0.915481,0.999810,0.881522,0.806863,0.620429 
[performance_estimation] ,20096,0.915687,0.999692,0.887890,0.812778,0.621041 
[performance_estimation] ,20160,0.915848,0.999845,0.830418,0.760419,0.621484 
[performance_estimation] ,20224,0.915991,0.999674,0.845745,0.774443,0.621968 
[performance_estimation] ,20288,0.916060,0.999196,0.855579,0.783132,0.622476 
[performance_estimation] ,20352,0.916167,0.999663,0.867925,0.794896,0.623018 
[performance_estimation] ,20416,0.916110,0.999221,0.842301,0.771039,0.623482 
[performance_estimation] ,20480,0.916392,0.999656,0.855145,0.783379,0.623982 
[performance_estimation] ,20544,0.916520,0.999448,0.884250,0.809985,0.624562 
[performance_estimation] ,20608,0.916735,0.999189,0.869726,0.796662,0.625096 
[performance_estimation] ,20672,0.916947,0.999918,0.849631,0.779002,0.625573 
[performance_estimation] ,20736,0.917169,0.999676,0.834963,0.765553,0.626005 
[performance_estimation] ,20800,0.917098,0.999390,0.871210,0.798498,0.626535 
[performance_estimation] ,20864,0.917242,0.999097,0.891653,0.817122,0.627120 
[performance_estimation] ,20928,0.917356,0.999542,0.868352,0.796223,0.627637 
[performance_estimation] ,20992,0.917495,0.999163,0.876152,0.803192,0.628172 
[performance_estimation] ,21056,0.917485,0.999213,0.852547,0.781583,0.628639 
[performance_estimation] ,21120,0.917479,0.999243,0.879966,0.806739,0.629178 
[performance_estimation] ,21184,0.917616,0.998883,0.878866,0.805561,0.629711 
[performance_estimation] ,21248,0.917795,0.998220,0.843987,0.773228,0.630143 
[performance_estimation] ,21312,0.917817,0.996931,0.849993,0.777743,0.630587 
[performance_estimation] ,21376,0.917771,0.995911,0.842416,0.769984,0.631004 
[performance_estimation] ,21440,0.918113,0.995591,0.824680,0.753811,0.631371 
[performance_estimation] ,21504,0.918487,0.995499,0.863004,0.789090,0.631840 
[performance_estimation] ,21568,0.918758,0.997209,0.805641,0.738123,0.632155 
[performance_estimation] ,21632,0.919124,0.995663,0.819861,0.750286,0.632505 
[performance_estimation] ,21696,0.919722,0.990272,0.789070,0.718665,0.632759 
[performance_estimation] ,21760,0.920170,0.981444,0.747743,0.675283,0.632884 
[performance_estimation] ,21824,0.920525,0.984433,0.799780,0.724756,0.633153 
[performance_estimation] ,21888,0.920637,0.980152,0.772542,0.697114,0.633341 
[performance_estimation] ,21952,0.920705,0.985397,0.835411,0.757936,0.633704 
[performance_estimation] ,22016,0.920806,0.985869,0.806401,0.732046,0.633990 
[performance_estimation] ,22080,0.921367,0.977214,0.772325,0.695380,0.634168 
[performance_estimation] ,22144,0.922137,0.958230,0.720961,0.637055,0.634176 
[performance_estimation] ,22208,0.923013,0.972513,0.649610,0.583117,0.634029 
[performance_estimation] ,22272,0.923301,0.964924,0.738393,0.657846,0.634097 
[performance_estimation] ,22336,0.924087,0.980723,0.688817,0.624257,0.634069 
[performance_estimation] ,22400,0.924074,0.984359,0.763149,0.694176,0.634241 
[performance_estimation] ,22464,0.924052,0.987311,0.785140,0.716304,0.634475 
[performance_estimation] ,22528,0.923939,0.992882,0.799085,0.733051,0.634755 
[performance_estimation] ,22592,0.923974,0.994870,0.788114,0.724462,0.635009 
[performance_estimation] ,22656,0.924306,0.996848,0.671573,0.618782,0.634963 
[performance_estimation] ,22720,0.924112,0.986868,0.710772,0.648207,0.635000 
[performance_estimation] ,22784,0.924175,0.975182,0.762194,0.686919,0.635146 
[performance_estimation] ,22848,0.924117,0.964817,0.719564,0.641567,0.635164 
[performance_estimation] ,22912,0.924255,0.978616,0.727177,0.657725,0.635227 
[performance_estimation] ,22976,0.923667,0.956993,0.683165,0.603879,0.635140 
[performance_estimation] ,23040,0.923654,0.965164,0.721822,0.643488,0.635163 
[performance_estimation] ,23104,0.923530,0.975201,0.724789,0.652765,0.635212 
[performance_estimation] ,23168,0.922768,0.944750,0.618313,0.539036,0.634946 
[performance_estimation] ,23232,0.922368,0.933197,0.639928,0.550819,0.634714 
[performance_estimation] ,23296,0.921559,0.915956,0.624058,0.526772,0.634418 
[performance_estimation] ,23360,0.920733,0.884178,0.623646,0.507705,0.634071 
[performance_estimation] ,23424,0.919647,0.835608,0.597834,0.459414,0.633593 
[performance_estimation] ,23488,0.918528,0.861019,0.572181,0.452521,0.633100 
[performance_estimation] ,23552,0.917735,0.877840,0.591256,0.476331,0.632674 
[performance_estimation] ,23616,0.916798,0.846889,0.597501,0.463915,0.632217 
[performance_estimation] ,23680,0.915889,0.874698,0.592486,0.474657,0.631791 
[performance_estimation] ,23744,0.914805,0.900893,0.644183,0.530898,0.631519 
[performance_estimation] ,23808,0.914602,0.918372,0.709071,0.595581,0.631422 
[performance_estimation] ,23872,0.914097,0.931440,0.714260,0.608140,0.631360 
[performance_estimation] ,23936,0.913485,0.948716,0.695156,0.602448,0.631283 
[performance_estimation] ,24000,0.913339,0.950645,0.745673,0.647440,0.631326 
[performance_estimation] ,24064,0.913183,0.961069,0.714455,0.627029,0.631314 
[performance_estimation] ,24128,0.912617,0.968991,0.770646,0.681495,0.631447 
[performance_estimation] ,24192,0.912428,0.971968,0.778309,0.690244,0.631603 
[performance_estimation] ,24256,0.912289,0.976725,0.778852,0.694000,0.631767 
[performance_estimation] ,24320,0.912305,0.980701,0.801871,0.717432,0.631993 
[performance_estimation] ,24384,0.912088,0.985390,0.758735,0.681922,0.632124 
[performance_estimation] ,24448,0.912238,0.983097,0.776638,0.696503,0.632292 
[performance_estimation] ,24512,0.912139,0.984006,0.800988,0.718927,0.632519 
[performance_estimation] ,24576,0.912145,0.986661,0.786848,0.708146,0.632716 
[performance_estimation] ,24640,0.912051,0.987620,0.780502,0.703045,0.632898 
[performance_estimation] ,24704,0.911860,0.985590,0.779735,0.700763,0.633074 
[performance_estimation] ,24768,0.911895,0.987579,0.795184,0.716118,0.633289 
[performance_estimation] ,24832,0.911950,0.988383,0.802146,0.723019,0.633520 
[performance_estimation] ,24896,0.911827,0.988053,0.827075,0.745139,0.633807 
[performance_estimation] ,24960,0.911752,0.987666,0.773374,0.696428,0.633967 
[performance_estimation] ,25024,0.911935,0.985115,0.778273,0.699170,0.634134 
[performance_estimation] ,25088,0.911806,0.983588,0.761405,0.682860,0.634259 
[performance_estimation] ,25152,0.911499,0.985495,0.825809,0.741806,0.634532 
[performance_estimation] ,25216,0.911290,0.988313,0.838624,0.755299,0.634839 
[performance_estimation] ,25280,0.911017,0.987006,0.782217,0.703353,0.635012 
[performance_estimation] ,25344,0.910890,0.989151,0.786863,0.708969,0.635199 
[performance_estimation] ,25408,0.910670,0.988722,0.827484,0.745067,0.635476 
[performance_estimation] ,25472,0.910471,0.993079,0.793408,0.717376,0.635681 
[performance_estimation] ,25536,0.910248,0.994138,0.786305,0.711537,0.635872 
[performance_estimation] ,25600,0.910402,0.994231,0.814864,0.737574,0.636126 
[performance_estimation] ,25664,0.910485,0.994948,0.813272,0.736731,0.636377 
[performance_estimation] ,25728,0.910716,0.995084,0.828863,0.751147,0.636662 
[performance_estimation] ,25792,0.910753,0.995135,0.853473,0.773521,0.637002 
[performance_estimation] ,25856,0.910771,0.994745,0.791052,0.716681,0.637199 
[performance_estimation] ,25920,0.910814,0.996014,0.816955,0.741128,0.637456 
[performance_estimation] ,25984,0.911026,0.995901,0.839500,0.761672,0.637762 
[performance_estimation] ,26048,0.911327,0.996447,0.790673,0.718001,0.637959 
[performance_estimation] ,26112,0.911895,0.996320,0.736193,0.668860,0.638034 
[performance_estimation] ,26176,0.912727,0.995288,0.725607,0.659160,0.638086 
[performance_estimation] ,26240,0.913457,0.994036,0.704987,0.640134,0.638091 
[performance_estimation] ,26304,0.914400,0.989604,0.736052,0.666050,0.638159 
[performance_estimation] ,26368,0.915800,0.977462,0.599954,0.537054,0.637914 
[performance_estimation] ,26432,0.917062,0.974236,0.614481,0.548999,0.637698 
[performance_estimation] ,26496,0.917939,0.975605,0.583267,0.522342,0.637420 
[performance_estimation] ,26560,0.919149,0.954677,0.591383,0.518932,0.637134 
[performance_estimation] ,26624,0.920222,0.935657,0.604665,0.520624,0.636854 
[performance_estimation] ,26688,0.921038,0.932406,0.576700,0.495259,0.636515 
[performance_estimation] ,26752,0.921725,0.935433,0.568772,0.490403,0.636165 
[performance_estimation] ,26816,0.922097,0.931117,0.647001,0.555502,0.635973 
[performance_estimation] ,26880,0.923055,0.935060,0.548869,0.473735,0.635586 
[performance_estimation] ,26944,0.922777,0.930541,0.552686,0.474581,0.635204 
[performance_estimation] ,27008,0.922763,0.894572,0.404684,0.334058,0.634490 
[performance_estimation] ,27072,0.922478,0.839814,0.341742,0.264751,0.633616 
[performance_estimation] ,27136,0.921269,0.783038,0.399723,0.288356,0.632802 
[performance_estimation] ,27200,0.920183,0.768896,0.394517,0.279130,0.631970 
[performance_estimation] ,27264,0.919238,0.795241,0.443004,0.323843,0.631246 
[performance_estimation] ,27328,0.918221,0.726352,0.418270,0.278966,0.630421 
[performance_estimation] ,27392,0.917455,0.777884,0.406815,0.290333,0.629627 
[performance_estimation] ,27456,0.916747,0.746440,0.457940,0.313367,0.628890 
[performance_estimation] ,27520,0.915980,0.771864,0.487537,0.344694,0.628229 
[performance_estimation] ,27584,0.915428,0.779250,0.510158,0.363919,0.627615 
[performance_estimation] ,27648,0.914862,0.809960,0.554325,0.410756,0.627113 
[performance_estimation] ,27712,0.914514,0.779995,0.530054,0.378096,0.626538 
[performance_estimation] ,27776,0.913731,0.787551,0.541546,0.389701,0.625993 
[performance_estimation] ,27840,0.912415,0.773280,0.575752,0.406223,0.625487 
[performance_estimation] ,27904,0.910941,0.769336,0.552679,0.387328,0.624941 
[performance_estimation] ,27968,0.909714,0.780731,0.592150,0.420569,0.624473 
[performance_estimation] ,28032,0.908512,0.814168,0.620397,0.458896,0.624095 
[performance_estimation] ,28096,0.907373,0.842169,0.548420,0.419082,0.623628 
[performance_estimation] ,28160,0.905887,0.836107,0.492620,0.373120,0.623059 
[performance_estimation] ,28224,0.904203,0.824939,0.445902,0.332604,0.622400 
[performance_estimation] ,28288,0.902558,0.808851,0.475865,0.347398,0.621778 
[performance_estimation] ,28352,0.901434,0.800275,0.543536,0.392104,0.621260 
[performance_estimation] ,28416,0.900504,0.803923,0.529095,0.383031,0.620723 
[performance_estimation] ,28480,0.899716,0.794387,0.553207,0.395389,0.620217 
[performance_estimation] ,28544,0.899279,0.799731,0.524650,0.377319,0.619672 
[performance_estimation] ,28608,0.898400,0.831399,0.498719,0.372508,0.619119 
[performance_estimation] ,28672,0.897523,0.849442,0.539679,0.411447,0.618656 
[performance_estimation] ,28736,0.896926,0.845598,0.579233,0.439312,0.618256 
[performance_estimation] ,28800,0.896610,0.832203,0.592662,0.442222,0.617865 
[performance_estimation] ,28864,0.896689,0.827158,0.567960,0.421258,0.617429 
[performance_estimation] ,28928,0.896712,0.837401,0.572639,0.429999,0.617014 
[performance_estimation] ,28992,0.895756,0.806718,0.397585,0.287304,0.616287 
[performance_estimation] ,29056,0.894614,0.814398,0.410250,0.298897,0.615587 
[performance_estimation] ,29120,0.893238,0.779877,0.364091,0.253632,0.614792 
[performance_estimation] ,29184,0.892190,0.772271,0.489720,0.337424,0.614184 
[performance_estimation] ,29248,0.891209,0.762328,0.444435,0.301946,0.613500 
[performance_estimation] ,29312,0.890330,0.721578,0.450488,0.289413,0.612793 
[performance_estimation] ,29376,0.889235,0.760028,0.479618,0.324147,0.612164 
[performance_estimation] ,29440,0.888867,0.724564,0.422503,0.272110,0.611425 
[performance_estimation] ,29504,0.887958,0.760208,0.384883,0.259809,0.610662 
[performance_estimation] ,29568,0.886675,0.789899,0.471836,0.330466,0.610056 
[performance_estimation] ,29632,0.885611,0.805583,0.478081,0.341078,0.609475 
[performance_estimation] ,29696,0.884285,0.830123,0.486336,0.357002,0.608930 
[performance_estimation] ,29760,0.883087,0.834803,0.479627,0.353583,0.608381 
[performance_estimation] ,29824,0.882190,0.828663,0.424459,0.310296,0.607742 
[performance_estimation] ,29888,0.881272,0.883519,0.500823,0.389951,0.607275 
[performance_estimation] ,29952,0.880521,0.873124,0.536352,0.412350,0.606859 
[performance_estimation] ,30016,0.879472,0.914661,0.507070,0.407897,0.606435 
[performance_estimation] ,30080,0.878555,0.934264,0.547715,0.449565,0.606101 
[performance_estimation] ,30144,0.878011,0.919532,0.571815,0.461661,0.605794 
[performance_estimation] ,30208,0.877302,0.937604,0.573286,0.471563,0.605510 
[performance_estimation] ,30272,0.876661,0.958750,0.562063,0.472413,0.605228 
[performance_estimation] ,30336,0.876157,0.958154,0.579359,0.486368,0.604977 
[performance_estimation] ,30400,0.875858,0.968653,0.613283,0.520311,0.604799 
[performance_estimation] ,30464,0.875609,0.975730,0.668262,0.570935,0.604728 
[performance_estimation] ,30528,0.875646,0.982260,0.666415,0.573191,0.604662 
[performance_estimation] ,30592,0.875711,0.984672,0.745066,0.642462,0.604741 
[performance_estimation] ,30656,0.875358,0.974978,0.591352,0.504692,0.604532 
[performance_estimation] ,30720,0.874978,0.957870,0.634817,0.532050,0.604381 
[performance_estimation] ,30784,0.874577,0.950051,0.716904,0.595670,0.604363 
[performance_estimation] ,30848,0.873854,0.966767,0.641939,0.542318,0.604234 
[performance_estimation] ,30912,0.873612,0.968282,0.702645,0.594369,0.604214 
[performance_estimation] ,30976,0.873392,0.979852,0.669574,0.573018,0.604150 
[performance_estimation] ,31040,0.873423,0.983993,0.716499,0.615789,0.604173 
[performance_estimation] ,31104,0.873589,0.986065,0.709747,0.611387,0.604188 
[performance_estimation] ,31168,0.873822,0.985818,0.751131,0.647046,0.604276 
[performance_estimation] ,31232,0.874104,0.986714,0.743531,0.641288,0.604352 
[performance_estimation] ,31296,0.874363,0.990610,0.746760,0.646808,0.604439 
[performance_estimation] ,31360,0.874676,0.991396,0.772077,0.669506,0.604572 
[performance_estimation] ,31424,0.874958,0.992163,0.758730,0.658654,0.604682 
[performance_estimation] ,31488,0.875244,0.992393,0.756557,0.657135,0.604789 
[performance_estimation] ,31552,0.875652,0.991844,0.779003,0.676572,0.604934 
[performance_estimation] ,31616,0.876049,0.992553,0.750954,0.652973,0.605031 
[performance_estimation] ,31680,0.876415,0.993693,0.748846,0.652161,0.605127 
[performance_estimation] ,31744,0.876666,0.993818,0.781773,0.681117,0.605280 
[performance_estimation] ,31808,0.876903,0.992036,0.741576,0.645111,0.605360 
[performance_estimation] ,31872,0.877413,0.989334,0.750686,0.651636,0.605453 
[performance_estimation] ,31936,0.877974,0.992823,0.760125,0.662580,0.605567 
[performance_estimation] ,32000,0.878297,0.994626,0.774562,0.676639,0.605710 
[performance_estimation] ,32064,0.878625,0.994008,0.762108,0.665595,0.605829 
[performance_estimation] ,32128,0.878891,0.996150,0.760057,0.665435,0.605948 
[performance_estimation] ,32192,0.878831,0.995398,0.716250,0.626566,0.605989 
[performance_estimation] ,32256,0.879303,0.994125,0.771066,0.674018,0.606124 
[performance_estimation] ,32320,0.879426,0.990777,0.731153,0.637064,0.606185 
[performance_estimation] ,32384,0.879614,0.985541,0.753783,0.653451,0.606278 
[performance_estimation] ,32448,0.880188,0.982944,0.774791,0.670331,0.606405 
[performance_estimation] ,32512,0.880711,0.978898,0.730778,0.630023,0.606451 
[performance_estimation] ,32576,0.881250,0.975196,0.770825,0.662440,0.606561 
[performance_estimation] ,32640,0.881787,0.972117,0.783147,0.671314,0.606688 
[performance_estimation] ,32704,0.882296,0.966887,0.754198,0.643392,0.606760 
[performance_estimation] ,32768,0.883008,0.966587,0.801668,0.684227,0.606911 
[performance_estimation] ,32832,0.883663,0.967649,0.809842,0.692476,0.607078 
[performance_estimation] ,32896,0.884392,0.966606,0.777889,0.664985,0.607191 
[performance_estimation] ,32960,0.885023,0.967630,0.793215,0.679289,0.607331 
[performance_estimation] ,33024,0.885554,0.966786,0.789917,0.676281,0.607464 
[performance_estimation] ,33088,0.886178,0.966890,0.816279,0.699418,0.607642 
[performance_estimation] ,33152,0.886683,0.965444,0.806010,0.689979,0.607801 
[performance_estimation] ,33216,0.887318,0.965330,0.818368,0.700977,0.607981 
[performance_estimation] ,33280,0.888428,0.966711,0.720657,0.618939,0.608002 
[performance_estimation] ,33344,0.889347,0.961276,0.749935,0.641126,0.608065 
[performance_estimation] ,33408,0.889984,0.956687,0.773752,0.658800,0.608163 
[performance_estimation] ,33472,0.890457,0.952600,0.748441,0.634865,0.608214 
[performance_estimation] ,33536,0.890904,0.957110,0.790644,0.674177,0.608339 
[performance_estimation] ,33600,0.891337,0.957096,0.793169,0.676649,0.608470 
[performance_estimation] ,33664,0.891794,0.961826,0.794464,0.681452,0.608608 
[performance_estimation] ,33728,0.892094,0.963917,0.799032,0.687091,0.608757 
[performance_estimation] ,33792,0.892453,0.967756,0.810781,0.700252,0.608931 
[performance_estimation] ,33856,0.892708,0.967383,0.840005,0.725420,0.609151 
[performance_estimation] ,33920,0.893158,0.971382,0.793911,0.688796,0.609301 
[performance_estimation] ,33984,0.893613,0.975350,0.788368,0.687130,0.609448 
[performance_estimation] ,34048,0.894128,0.979576,0.798184,0.699102,0.609616 
[performance_estimation] ,34112,0.894610,0.981009,0.829264,0.727780,0.609838 
[performance_estimation] ,34176,0.895039,0.982992,0.855158,0.752381,0.610105 
[performance_estimation] ,34240,0.895928,0.980867,0.749892,0.658994,0.610196 
[performance_estimation] ,34304,0.896467,0.980260,0.793012,0.696875,0.610358 
[performance_estimation] ,34368,0.896936,0.982693,0.806050,0.710463,0.610544 
[performance_estimation] ,34432,0.897304,0.984164,0.863782,0.762801,0.610827 
[performance_estimation] ,34496,0.897772,0.984869,0.844602,0.746786,0.611080 
[performance_estimation] ,34560,0.898132,0.984437,0.815168,0.720734,0.611283 
[performance_estimation] ,34624,0.898516,0.985686,0.869271,0.769873,0.611576 
[performance_estimation] ,34688,0.898796,0.986613,0.843809,0.748260,0.611828 
[performance_estimation] ,34752,0.899026,0.989224,0.856951,0.762119,0.612105 
[performance_estimation] ,34816,0.899325,0.987975,0.850210,0.755420,0.612368 
[performance_estimation] ,34880,0.899723,0.988805,0.853803,0.759586,0.612638 
[performance_estimation] ,34944,0.900057,0.987078,0.843969,0.749804,0.612889 
[performance_estimation] ,35008,0.900420,0.986624,0.866474,0.769755,0.613176 
[performance_estimation] ,35072,0.900737,0.986753,0.858040,0.762629,0.613449 
[performance_estimation] ,35136,0.901036,0.986537,0.860605,0.764996,0.613725 
[performance_estimation] ,35200,0.901314,0.986603,0.867016,0.770985,0.614011 
[performance_estimation] ,35264,0.901594,0.987185,0.852920,0.759133,0.614274 
[performance_estimation] ,35328,0.901799,0.988144,0.843846,0.751956,0.614524 
[performance_estimation] ,35392,0.902239,0.989039,0.843704,0.752879,0.614774 
[performance_estimation] ,35456,0.902589,0.989446,0.862410,0.770186,0.615054 
[performance_estimation] ,35520,0.902802,0.991144,0.835281,0.747415,0.615293 
[performance_estimation] ,35584,0.903086,0.991905,0.843082,0.755212,0.615545 
[performance_estimation] ,35648,0.903317,0.990858,0.850753,0.761474,0.615807 
[performance_estimation] ,35712,0.903553,0.992226,0.870345,0.780289,0.616101 
[performance_estimation] ,35776,0.903603,0.993568,0.835632,0.750223,0.616341 
[performance_estimation] ,35840,0.903900,0.994442,0.846103,0.760542,0.616599 
[performance_estimation] ,35904,0.904139,0.992814,0.863015,0.774678,0.616881 
[performance_estimation] ,35968,0.904346,0.993888,0.836244,0.751632,0.617120 
[performance_estimation] ,36032,0.904537,0.994003,0.845608,0.760296,0.617375 
[performance_estimation] ,36096,0.904790,0.996329,0.839985,0.757220,0.617623 
[performance_estimation] ,36160,0.905123,0.997425,0.834731,0.753589,0.617863 
[performance_estimation] ,36224,0.905368,0.998163,0.809114,0.731201,0.618063 
[performance_estimation] ,36288,0.905573,0.998013,0.838320,0.757651,0.618310 
[performance_estimation] ,36352,0.905706,0.998421,0.810971,0.733341,0.618512 
[performance_estimation] ,36416,0.905865,0.997999,0.867302,0.784087,0.618803 
[performance_estimation] ,36480,0.905988,0.998747,0.858022,0.776383,0.619080 
[performance_estimation] ,36544,0.906200,0.999364,0.876069,0.793389,0.619385 
[performance_estimation] ,36608,0.906186,0.999498,0.820465,0.743120,0.619601 
[performance_estimation] ,36672,0.906378,0.999424,0.850058,0.770030,0.619864 
[performance_estimation] ,36736,0.906710,0.999158,0.851281,0.771215,0.620127 
[performance_estimation] ,36800,0.907027,0.999401,0.842170,0.763414,0.620377 
[performance_estimation] ,36864,0.907399,0.999110,0.874879,0.793157,0.620677 
[performance_estimation] ,36928,0.907829,0.999058,0.842416,0.764049,0.620925 
[performance_estimation] ,36992,0.908099,0.999396,0.845940,0.767734,0.621179 
[performance_estimation] ,37056,0.908451,0.998877,0.851570,0.772741,0.621441 
[performance_estimation] ,37120,0.908884,0.998833,0.857244,0.778225,0.621711 
[performance_estimation] ,37184,0.909059,0.999772,0.807667,0.734050,0.621904 
[performance_estimation] ,37248,0.909154,0.999072,0.824991,0.749348,0.622123 
[performance_estimation] ,37312,0.909399,0.999500,0.855948,0.778009,0.622391 
[performance_estimation] ,37376,0.909734,0.999571,0.874474,0.795197,0.622687 
[performance_estimation] ,37440,0.910022,0.999478,0.853951,0.776708,0.622950 
[performance_estimation] ,37504,0.910228,0.999534,0.832076,0.757025,0.623179 
[performance_estimation] ,37568,0.910336,0.999035,0.844073,0.767649,0.623425 
[performance_estimation] ,37632,0.910539,0.999135,0.855326,0.778134,0.623688 
[performance_estimation] ,37696,0.910788,0.999384,0.879271,0.800336,0.623988 
[performance_estimation] ,37760,0.910915,0.998403,0.828501,0.753488,0.624207 
[performance_estimation] ,37824,0.911104,0.998592,0.854154,0.777126,0.624466 
[performance_estimation] ,37888,0.911326,0.998988,0.822777,0.749059,0.624677 
[performance_estimation] ,37952,0.911493,0.999119,0.872245,0.794345,0.624963 
[performance_estimation] ,38016,0.911852,0.999076,0.868800,0.791485,0.625243 
[performance_estimation] ,38080,0.912128,0.998824,0.855080,0.779025,0.625502 
[performance_estimation] ,38144,0.912374,0.998428,0.832582,0.758432,0.625725 
[performance_estimation] ,38208,0.912708,0.998923,0.845325,0.770705,0.625967 
[performance_estimation] ,38272,0.913017,0.998284,0.855268,0.779534,0.626224 
[performance_estimation] ,38336,0.913512,0.998888,0.856578,0.781623,0.626484 
[performance_estimation] ,38400,0.914049,0.998521,0.830346,0.757854,0.626703 
[performance_estimation] ,38464,0.914707,0.997454,0.826279,0.753879,0.626914 
[performance_estimation] ,38528,0.915558,0.997306,0.785365,0.717110,0.627064 
[performance_estimation] ,38592,0.916493,0.993830,0.741917,0.675767,0.627145 
[performance_estimation] ,38656,0.917278,0.979853,0.715266,0.642879,0.627171 
[performance_estimation] ,38720,0.918296,0.960806,0.590388,0.520902,0.626995 
[performance_estimation] ,38784,0.919000,0.963359,0.678896,0.601045,0.626952 
[performance_estimation] ,38848,0.919430,0.950155,0.642432,0.561229,0.626844 
[performance_estimation] ,38912,0.920032,0.926515,0.614282,0.523628,0.626674 
[performance_estimation] ,38976,0.920686,0.896682,0.602972,0.497791,0.626463 
[performance_estimation] ,39040,0.921156,0.910673,0.593810,0.498131,0.626252 
[performance_estimation] ,39104,0.921820,0.852598,0.455219,0.357776,0.625813 
[performance_estimation] ,39168,0.922246,0.876725,0.516743,0.417816,0.625473 
[performance_estimation] ,39232,0.922619,0.838017,0.463121,0.358071,0.625037 
[performance_estimation] ,39296,0.923062,0.866158,0.455248,0.363979,0.624612 
[performance_estimation] ,39360,0.923497,0.841395,0.440052,0.341932,0.624152 
[performance_estimation] ,39424,0.923448,0.800123,0.427649,0.315978,0.623652 
[performance_estimation] ,39488,0.923602,0.744650,0.459510,0.316033,0.623153 
[performance_estimation] ,39552,0.923537,0.762370,0.442143,0.311302,0.622649 
[performance_estimation] ,39616,0.923443,0.802939,0.469004,0.347752,0.622204 
[performance_estimation] ,39680,0.922854,0.785647,0.448128,0.324909,0.621725 
[performance_estimation] ,39744,0.922202,0.754685,0.411873,0.286652,0.621185 
[performance_estimation] ,39808,0.921687,0.776871,0.428864,0.307081,0.620680 
[performance_estimation] ,39872,0.920550,0.732747,0.403928,0.272461,0.620121 
[performance_estimation] ,39936,0.919381,0.731096,0.384209,0.258248,0.619541 
[performance_estimation] ,40000,0.917982,0.710327,0.317974,0.207341,0.618882 
[performance_estimation] ,40064,0.916744,0.631555,0.274367,0.158852,0.618147 
[performance_estimation] ,40128,0.915929,0.654999,0.373325,0.223970,0.617518 
[performance_estimation] ,40192,0.915010,0.648986,0.357166,0.212096,0.616873 
[performance_estimation] ,40256,0.914181,0.681476,0.454988,0.283454,0.616343 
[performance_estimation] ,40320,0.912974,0.602420,0.353396,0.194366,0.615673 
[performance_estimation] ,40384,0.911878,0.670910,0.470510,0.287852,0.615153 
[performance_estimation] ,40448,0.910485,0.689254,0.403826,0.253424,0.614581 
[performance_estimation] ,40512,0.910020,0.674589,0.343482,0.210860,0.613943 
[performance_estimation] ,40576,0.908977,0.682763,0.271205,0.168314,0.613240 
[performance_estimation] ,40640,0.907907,0.773344,0.370525,0.260154,0.612684 
[performance_estimation] ,40704,0.906949,0.690259,0.330442,0.206867,0.612046 
[performance_estimation] ,40768,0.906141,0.748659,0.377428,0.256043,0.611487 
[performance_estimation] ,40832,0.904579,0.763609,0.306490,0.211706,0.610861 
[performance_estimation] ,40896,0.904060,0.666982,0.322808,0.194650,0.610209 
[performance_estimation] ,40960,0.903199,0.707590,0.291366,0.186210,0.609547 
[performance_estimation] ,41024,0.901506,0.730657,0.200535,0.132091,0.608802 
[performance_estimation] ,41088,0.900172,0.734569,0.290961,0.192394,0.608153 
[performance_estimation] ,41152,0.899232,0.759830,0.313393,0.214130,0.607541 
[performance_estimation] ,41216,0.898281,0.751770,0.286300,0.193339,0.606897 
[performance_estimation] ,41280,0.897511,0.723554,0.279672,0.181618,0.606238 
[performance_estimation] ,41344,0.897209,0.715298,0.333568,0.214075,0.605631 
[performance_estimation] ,41408,0.896768,0.638670,0.288037,0.164970,0.604950 
[performance_estimation] ,41472,0.897154,0.707015,0.335500,0.212808,0.604345 
[performance_estimation] ,41536,0.896786,0.726081,0.300751,0.195831,0.603715 
[performance_estimation] ,41600,0.896666,0.694924,0.340320,0.212058,0.603113 
[performance_estimation] ,41664,0.896785,0.758150,0.364128,0.247570,0.602567 
[performance_estimation] ,41728,0.896310,0.733565,0.398551,0.262048,0.602044 
[performance_estimation] ,41792,0.896210,0.767401,0.397017,0.273050,0.601541 
[performance_estimation] ,41856,0.895939,0.694205,0.342129,0.212793,0.600946 
[performance_estimation] ,41920,0.895427,0.685174,0.264540,0.162302,0.600276 
[performance_estimation] ,41984,0.894738,0.678139,0.244033,0.148068,0.599587 
[performance_estimation] ,42048,0.893912,0.676487,0.218546,0.132159,0.598876 
[performance_estimation] ,42112,0.892942,0.712529,0.260778,0.165919,0.598218 
[performance_estimation] ,42176,0.892493,0.754729,0.266777,0.179698,0.597583 
[performance_estimation] ,42240,0.891559,0.793780,0.321086,0.227233,0.597021 
[performance_estimation] ,42304,0.890945,0.777458,0.285150,0.197515,0.596417 
[performance_estimation] ,42368,0.890050,0.828402,0.388080,0.286139,0.595948 
[performance_estimation] ,42432,0.889649,0.846369,0.361761,0.272396,0.595460 
[performance_estimation] ,42496,0.889287,0.879698,0.343996,0.269109,0.594969 
[performance_estimation] ,42560,0.888992,0.879645,0.349778,0.273525,0.594485 
[performance_estimation] ,42624,0.888669,0.926284,0.351319,0.289192,0.594027 
[performance_estimation] ,42688,0.888450,0.940552,0.321874,0.268969,0.593540 
[performance_estimation] ,42752,0.888624,0.938122,0.439929,0.366741,0.593200 
[performance_estimation] ,42816,0.888648,0.926670,0.426802,0.351464,0.592839 
[performance_estimation] ,42880,0.888509,0.939178,0.603666,0.503740,0.592706 
[performance_estimation] ,42944,0.888582,0.942211,0.484143,0.405340,0.592427 
[performance_estimation] ,43008,0.888343,0.939514,0.634095,0.529223,0.592333 
[performance_estimation] ,43072,0.888304,0.941078,0.622799,0.520637,0.592226 
[performance_estimation] ,43136,0.888669,0.962092,0.548938,0.469332,0.592044 
[performance_estimation] ,43200,0.888944,0.966226,0.672463,0.577592,0.592022 
[performance_estimation] ,43264,0.888321,0.950349,0.580720,0.490252,0.591872 
[performance_estimation] ,43328,0.888532,0.961980,0.599317,0.512266,0.591754 
[performance_estimation] ,43392,0.888643,0.972056,0.634001,0.547657,0.591689 
[performance_estimation] ,43456,0.888614,0.980866,0.675856,0.589084,0.591685 
[performance_estimation] ,43520,0.889166,0.984122,0.666710,0.583403,0.591673 
[performance_estimation] ,43584,0.889874,0.987860,0.652107,0.573249,0.591646 
[performance_estimation] ,43648,0.890544,0.983739,0.710164,0.622149,0.591691 
[performance_estimation] ,43712,0.891414,0.989986,0.669858,0.591141,0.591690 
[performance_estimation] ,43776,0.892086,0.979890,0.687326,0.600823,0.591703 
[performance_estimation] ,43840,0.892593,0.988413,0.678121,0.598273,0.591713 
[performance_estimation] ,43904,0.893084,0.984970,0.710786,0.625252,0.591762 
[performance_estimation] ,43968,0.893538,0.988149,0.731555,0.645926,0.591841 
[performance_estimation] ,44032,0.893534,0.988598,0.669669,0.591549,0.591840 
[performance_estimation] ,44096,0.893518,0.990201,0.564829,0.499739,0.591707 
[performance_estimation] ,44160,0.893938,0.991792,0.686385,0.608550,0.591731 
[performance_estimation] ,44224,0.894274,0.988577,0.701698,0.620342,0.591772 
[performance_estimation] ,44288,0.894244,0.983098,0.667643,0.586945,0.591765 
[performance_estimation] ,44352,0.894620,0.980182,0.688064,0.603357,0.591782 
[performance_estimation] ,44416,0.895135,0.973879,0.735332,0.641028,0.591853 
[performance_estimation] ,44480,0.895887,0.970856,0.699628,0.608520,0.591877 
[performance_estimation] ,44544,0.897225,0.965174,0.742048,0.642598,0.591950 
[performance_estimation] ,44608,0.898252,0.964194,0.712726,0.617284,0.591986 
[performance_estimation] ,44672,0.899174,0.962747,0.729312,0.631349,0.592043 
[performance_estimation] ,44736,0.900150,0.960507,0.740152,0.639935,0.592111 
[performance_estimation] ,44800,0.901168,0.956990,0.722567,0.623148,0.592156 
[performance_estimation] ,44864,0.902319,0.961925,0.723508,0.627979,0.592207 
[performance_estimation] ,44928,0.903356,0.959926,0.751744,0.651879,0.592292 
[performance_estimation] ,44992,0.904211,0.960375,0.747070,0.648742,0.592372 
[performance_estimation] ,45056,0.904850,0.965886,0.707848,0.618647,0.592409 
[performance_estimation] ,45120,0.905768,0.965345,0.752468,0.657942,0.592502 
[performance_estimation] ,45184,0.906644,0.967399,0.753279,0.660690,0.592599 
[performance_estimation] ,45248,0.907817,0.970146,0.744624,0.655801,0.592688 
[performance_estimation] ,45312,0.908857,0.966552,0.795423,0.698745,0.592838 
[performance_estimation] ,45376,0.909451,0.975199,0.734623,0.651534,0.592921 
[performance_estimation] ,45440,0.910246,0.973803,0.789953,0.700214,0.593072 
[performance_estimation] ,45504,0.911168,0.972208,0.806625,0.714545,0.593243 
[performance_estimation] ,45568,0.912174,0.977130,0.785350,0.699993,0.593393 
[performance_estimation] ,45632,0.913428,0.976489,0.774336,0.690671,0.593529 
[performance_estimation] ,45696,0.914150,0.981524,0.770617,0.691444,0.593666 
[performance_estimation] ,45760,0.914958,0.981857,0.813051,0.730411,0.593857 
[performance_estimation] ,45824,0.915495,0.986446,0.772223,0.697384,0.594002 
[performance_estimation] ,45888,0.915883,0.988629,0.782094,0.708161,0.594161 
[performance_estimation] ,45952,0.916342,0.989167,0.808955,0.733250,0.594355 
[performance_estimation] ,46016,0.916747,0.989879,0.773671,0.702082,0.594505 
[performance_estimation] ,46080,0.917405,0.991310,0.824282,0.749630,0.594720 
[performance_estimation] ,46144,0.917835,0.991670,0.777057,0.707269,0.594876 
[performance_estimation] ,46208,0.918198,0.993737,0.791327,0.722044,0.595053 
[performance_estimation] ,46272,0.918690,0.992085,0.782904,0.713554,0.595216 
[performance_estimation] ,46336,0.919424,0.992508,0.787290,0.718430,0.595387 
[performance_estimation] ,46400,0.920104,0.993782,0.810475,0.741085,0.595588 
[performance_estimation] ,46464,0.920817,0.992511,0.798216,0.729507,0.595772 
[performance_estimation] ,46528,0.921514,0.992012,0.813963,0.744087,0.595976 
[performance_estimation] ,46592,0.922069,0.993339,0.799027,0.731850,0.596163 
[performance_estimation] ,46656,0.922682,0.994154,0.797580,0.731610,0.596348 
[performance_estimation] ,46720,0.923148,0.995642,0.789547,0.725693,0.596526 
[performance_estimation] ,46784,0.923561,0.994917,0.794019,0.729598,0.596708 
[performance_estimation] ,46848,0.923830,0.996493,0.778852,0.717003,0.596872 
[performance_estimation] ,46912,0.924029,0.995745,0.806423,0.741987,0.597070 
[performance_estimation] ,46976,0.924093,0.997094,0.786523,0.724708,0.597244 
[performance_estimation] ,47040,0.924271,0.997842,0.789446,0.728088,0.597422 
[performance_estimation] ,47104,0.924459,0.998530,0.799085,0.737635,0.597612 
[performance_estimation] ,47168,0.924881,0.999052,0.831374,0.768193,0.597844 
[performance_estimation] ,47232,0.925139,0.999568,0.801285,0.740979,0.598038 
[performance_estimation] ,47296,0.925429,0.999381,0.805844,0.745289,0.598237 
[performance_estimation] ,47360,0.925401,0.999965,0.792717,0.733555,0.598420 
[performance_estimation] ,47424,0.925734,0.999962,0.827090,0.765636,0.598646 
[performance_estimation] ,47488,0.925893,0.999822,0.812776,0.752410,0.598853 
[performance_estimation] ,47552,0.925865,0.999766,0.809375,0.749197,0.599055 
[performance_estimation] ,47616,0.925857,0.999514,0.822849,0.761470,0.599273 
[performance_estimation] ,47680,0.926063,0.999462,0.810417,0.750094,0.599476 
[performance_estimation] ,47744,0.926350,0.999098,0.781877,0.723638,0.599642 
[performance_estimation] ,47808,0.926356,0.998899,0.812733,0.752050,0.599846 
[performance_estimation] ,47872,0.926320,0.998950,0.785987,0.727311,0.600017 
[performance_estimation] ,47936,0.925814,0.995638,0.745782,0.687443,0.600133 
[performance_estimation] ,48000,0.925627,0.997649,0.775075,0.715743,0.600288 
[performance_estimation] ,48064,0.925486,0.998220,0.814397,0.752371,0.600490 
[performance_estimation] ,48128,0.925392,0.997317,0.788954,0.728133,0.600660 
[performance_estimation] ,48192,0.925200,0.999080,0.772296,0.713871,0.600810 
[performance_estimation] ,48256,0.925067,0.999840,0.768301,0.710617,0.600956 
[performance_estimation] ,48320,0.925179,0.999634,0.743365,0.687494,0.601070 
[performance_estimation] ,48384,0.925322,0.998046,0.763134,0.704765,0.601208 
[performance_estimation] ,48448,0.925618,0.997465,0.752584,0.694839,0.601331 
[performance_estimation] ,48512,0.925914,0.996405,0.801675,0.739614,0.601514 
[performance_estimation] ,48576,0.926112,0.994555,0.738864,0.680544,0.601618 
[performance_estimation] ,48640,0.926293,0.990426,0.776985,0.712825,0.601764 
[performance_estimation] ,48704,0.926056,0.977744,0.636657,0.576459,0.601731 
[performance_estimation] ,48768,0.926013,0.958800,0.641882,0.569902,0.601689 
[performance_estimation] ,48832,0.926280,0.951351,0.689439,0.607546,0.601697 
[performance_estimation] ,48896,0.926724,0.949015,0.736968,0.648145,0.601758 
[performance_estimation] ,48960,0.927178,0.949309,0.725838,0.638867,0.601806 
[performance_estimation] ,49024,0.927545,0.957028,0.752092,0.667621,0.601892 
[performance_estimation] ,49088,0.928047,0.959744,0.779822,0.694577,0.602013 
[performance_estimation] ,49152,0.928420,0.963389,0.745854,0.667114,0.602098 
[performance_estimation] ,49216,0.928817,0.964970,0.738979,0.662333,0.602176 
[performance_estimation] ,49280,0.929066,0.967036,0.760254,0.683043,0.602281 
[performance_estimation] ,49344,0.928947,0.972842,0.746708,0.674814,0.602375 
[performance_estimation] ,49408,0.928930,0.979999,0.738458,0.672256,0.602466 
[performance_estimation] ,49472,0.929061,0.977638,0.757099,0.687662,0.602576 
[performance_estimation] ,49536,0.929012,0.981489,0.758026,0.691179,0.602690 
[performance_estimation] ,49600,0.928997,0.983661,0.793310,0.724941,0.602848 
[performance_estimation] ,49664,0.929033,0.986058,0.749299,0.686417,0.602956 
[performance_estimation] ,49728,0.929075,0.988887,0.769937,0.707380,0.603090 
[performance_estimation] ,49792,0.929158,0.990746,0.767187,0.706241,0.603223 
[performance_estimation] ,49856,0.929253,0.993380,0.757114,0.698893,0.603345 
[performance_estimation] ,49920,0.929505,0.990229,0.718529,0.661350,0.603420 
[performance_estimation] ,49984,0.929568,0.992558,0.756984,0.698431,0.603541 
[performance_estimation] ,50048,0.929731,0.994872,0.758228,0.701333,0.603666 
[performance_estimation] ,50112,0.929745,0.995780,0.744088,0.688893,0.603775 
[performance_estimation] ,50176,0.930059,0.997334,0.794265,0.736744,0.603945 
[performance_estimation] ,50240,0.930398,0.996341,0.808897,0.749843,0.604131 
[performance_estimation] ,50304,0.930436,0.998193,0.777318,0.721938,0.604281 
[performance_estimation] ,50368,0.930479,0.997977,0.785119,0.729059,0.604439 
[performance_estimation] ,50432,0.930380,0.996960,0.785423,0.728519,0.604597 
[performance_estimation] ,50496,0.930261,0.996624,0.785046,0.727832,0.604753 
[performance_estimation] ,50560,0.930234,0.996503,0.839536,0.778235,0.604972 
[performance_estimation] ,50624,0.930269,0.998247,0.791255,0.734789,0.605137 
[performance_estimation] ,50688,0.930331,0.997764,0.820808,0.761916,0.605335 
[performance_estimation] ,50752,0.930436,0.997842,0.842286,0.782002,0.605557 
[performance_estimation] ,50816,0.930457,0.998337,0.818580,0.760387,0.605752 
[performance_estimation] ,50880,0.930236,0.996943,0.805540,0.747051,0.605930 
[performance_estimation] ,50944,0.930300,0.998433,0.813673,0.755774,0.606118 
[performance_estimation] ,51008,0.930172,0.997534,0.768301,0.712890,0.606252 
[performance_estimation] ,51072,0.930154,0.997305,0.795018,0.737496,0.606417 
[performance_estimation] ,51136,0.930115,0.995660,0.805279,0.745752,0.606591 
[performance_estimation] ,51200,0.930217,0.994711,0.819347,0.758139,0.606781 
[performance_estimation] ,51264,0.930126,0.995351,0.773917,0.716494,0.606918 
[performance_estimation] ,51328,0.929874,0.996422,0.765175,0.708971,0.607045 
[performance_estimation] ,51392,0.929780,0.996929,0.811893,0.752563,0.607226 
[performance_estimation] ,51456,0.929886,0.995909,0.793701,0.735032,0.607385 
[performance_estimation] ,51520,0.929816,0.996462,0.813181,0.753434,0.607566 
[performance_estimation] ,51584,0.929619,0.996509,0.793556,0.735130,0.607725 
[performance_estimation] ,51648,0.929465,0.996523,0.815005,0.754885,0.607907 
[performance_estimation] ,51712,0.929323,0.997561,0.836063,0.775077,0.608114 
[performance_estimation] ,51776,0.929041,0.994884,0.805728,0.744725,0.608283 
[performance_estimation] ,51840,0.928936,0.996695,0.805873,0.746130,0.608453 
[performance_estimation] ,51904,0.928687,0.994520,0.811662,0.749649,0.608627 
[performance_estimation] ,51968,0.928629,0.996042,0.799765,0.739746,0.608789 
[performance_estimation] ,52032,0.928643,0.996352,0.832937,0.770679,0.608988 
[performance_estimation] ,52096,0.928713,0.995836,0.807001,0.746352,0.609156 
[performance_estimation] ,52160,0.928693,0.995233,0.823978,0.761574,0.609343 
[performance_estimation] ,52224,0.928512,0.997364,0.803629,0.744213,0.609509 
[performance_estimation] ,52288,0.928488,0.994963,0.818059,0.755732,0.609688 
[performance_estimation] ,52352,0.928419,0.997070,0.833747,0.771798,0.609886 
[performance_estimation] ,52416,0.928293,0.998689,0.823385,0.763340,0.610073 
[performance_estimation] ,52480,0.928417,0.998589,0.801444,0.743024,0.610235 
[performance_estimation] ,52544,0.928455,0.998364,0.823529,0.763359,0.610422 
[performance_estimation] ,52608,0.928479,0.998566,0.839724,0.778549,0.610626 
[performance_estimation] ,52672,0.928612,0.999583,0.833530,0.773703,0.610825 
[performance_estimation] ,52736,0.928695,0.999361,0.799432,0.741954,0.610984 
[performance_estimation] ,52800,0.928768,0.998964,0.843357,0.782471,0.611192 
[performance_estimation] ,52864,0.928994,0.996886,0.817755,0.757323,0.611368 
[performance_estimation] ,52928,0.929184,0.998029,0.836989,0.776184,0.611568 
[performance_estimation] ,52992,0.929451,0.999127,0.788303,0.732049,0.611713 
[performance_estimation] ,53056,0.929225,0.999428,0.830997,0.771742,0.611906 
[performance_estimation] ,53120,0.929083,0.999016,0.823529,0.764374,0.612090 
[performance_estimation] ,53184,0.929109,0.998117,0.835889,0.775170,0.612286 
[performance_estimation] ,53248,0.929036,0.999276,0.805091,0.747416,0.612449 
[performance_estimation] ,53312,0.929155,0.999888,0.837481,0.778062,0.612647 
[performance_estimation] ,53376,0.929354,0.998734,0.807696,0.749685,0.612812 
[performance_estimation] ,53440,0.929398,0.998607,0.823414,0.764213,0.612993 
[performance_estimation] ,53504,0.929155,0.999549,0.814672,0.756615,0.613165 
[performance_estimation] ,53568,0.929177,0.998758,0.854125,0.792647,0.613379 
[performance_estimation] ,53632,0.929247,0.997339,0.842460,0.780770,0.613579 
[performance_estimation] ,53696,0.929526,0.999100,0.813167,0.755179,0.613748 
[performance_estimation] ,53760,0.929643,0.999044,0.798318,0.741442,0.613900 
[performance_estimation] ,53824,0.929679,0.998823,0.806307,0.748725,0.614060 
[performance_estimation] ,53888,0.929880,0.999187,0.847930,0.787832,0.614267 
[performance_estimation] ,53952,0.930024,0.999464,0.783150,0.727959,0.614402 
[performance_estimation] ,54016,0.929963,0.999779,0.835281,0.776609,0.614594 
[performance_estimation] ,54080,0.929827,0.999902,0.847873,0.788297,0.614799 
[performance_estimation] ,54144,0.929813,0.999452,0.810504,0.753204,0.614963 
[performance_estimation] ,54208,0.929939,0.999298,0.833516,0.774575,0.615151 
[performance_estimation] ,54272,0.929798,0.999425,0.821156,0.763071,0.615326 
[performance_estimation] ,54336,0.929692,0.999620,0.828190,0.769669,0.615507 
[performance_estimation] ,54400,0.929577,0.999482,0.810880,0.753385,0.615670 
[performance_estimation] ,54464,0.929497,0.999523,0.801068,0.744235,0.615821 
[performance_estimation] ,54528,0.929566,0.999828,0.836902,0.777822,0.616011 
[performance_estimation] ,54592,0.929609,0.999454,0.811517,0.753982,0.616173 
[performance_estimation] ,54656,0.929668,0.998896,0.834558,0.775005,0.616359 
[performance_estimation] ,54720,0.929740,0.999380,0.857656,0.796903,0.616570 
[performance_estimation] ,54784,0.929962,0.999271,0.857975,0.797302,0.616781 
[performance_estimation] ,54848,0.930078,0.999451,0.835426,0.776584,0.616967 
[performance_estimation] ,54912,0.930290,0.999097,0.810562,0.753376,0.617126 
[performance_estimation] ,54976,0.930480,0.999186,0.834094,0.775477,0.617311 
[performance_estimation] ,55040,0.930566,0.999232,0.814498,0.757362,0.617474 
[performance_estimation] ,55104,0.930621,0.999020,0.803065,0.746617,0.617624 
[performance_estimation] ,55168,0.930535,0.999329,0.812704,0.755742,0.617784 
[performance_estimation] ,55232,0.930628,0.999691,0.778664,0.724423,0.617907 
[performance_estimation] ,55296,0.930807,0.999891,0.817277,0.760644,0.618073 
[performance_estimation] ,55360,0.930763,0.999683,0.812993,0.756464,0.618233 
[performance_estimation] ,55424,0.930841,0.999770,0.800691,0.745145,0.618379 
[performance_estimation] ,55488,0.930918,0.999505,0.772759,0.719020,0.618495 
[performance_estimation] ,55552,0.930749,0.999905,0.805033,0.749212,0.618646 
[performance_estimation] ,55616,0.930743,0.999647,0.809172,0.752865,0.618800 
[performance_estimation] ,55680,0.930722,0.999257,0.801733,0.745636,0.618946 
[performance_estimation] ,55744,0.930758,0.999804,0.795684,0.740444,0.619085 
[performance_estimation] ,55808,0.930845,0.999361,0.802457,0.746485,0.619232 
[performance_estimation] ,55872,0.930825,0.999008,0.814296,0.757215,0.619390 
[performance_estimation] ,55936,0.930718,0.999565,0.818319,0.761293,0.619552 
[performance_estimation] ,56000,0.930798,0.999832,0.799881,0.744402,0.619695 
[performance_estimation] ,56064,0.930825,0.999594,0.802746,0.746913,0.619840 
[performance_estimation] ,56128,0.930785,0.999662,0.807233,0.751106,0.619989 
[performance_estimation] ,56192,0.930789,0.999660,0.781182,0.726868,0.620111 
[performance_estimation] ,56256,0.930919,0.999862,0.768996,0.715774,0.620220 
[performance_estimation] ,56320,0.930908,0.999276,0.787376,0.732444,0.620347 
[performance_estimation] ,56384,0.931085,0.999992,0.807783,0.752109,0.620497 
[performance_estimation] ,56448,0.931221,0.999689,0.826655,0.769560,0.620666 
[performance_estimation] ,56512,0.931211,0.999479,0.837713,0.779681,0.620846 
[performance_estimation] ,56576,0.931354,0.999982,0.829550,0.772591,0.621018 
[performance_estimation] ,56640,0.931315,0.999451,0.821706,0.764847,0.621180 
[performance_estimation] ,56704,0.931227,0.999815,0.812559,0.756537,0.621333 
[performance_estimation] ,56768,0.931294,0.999756,0.800894,0.745686,0.621473 
[performance_estimation] ,56832,0.931295,0.999894,0.835281,0.777810,0.621649 
[performance_estimation] ,56896,0.931161,0.999485,0.817624,0.760948,0.621806 
[performance_estimation] ,56960,0.931078,0.999563,0.828334,0.770907,0.621974 
[performance_estimation] ,57024,0.931206,0.998240,0.829087,0.770692,0.622140 
[performance_estimation] ,57088,0.930861,0.997996,0.811546,0.753922,0.622288 
[performance_estimation] ,57152,0.930708,0.997690,0.835773,0.776064,0.622460 
[performance_estimation] ,57216,0.930561,0.998340,0.811893,0.754262,0.622608 
[performance_estimation] ,57280,0.930531,0.998651,0.829897,0.771203,0.622774 
[performance_estimation] ,57344,0.930462,0.999012,0.833660,0.774923,0.622944 
[performance_estimation] ,57408,0.930290,0.998299,0.840810,0.780867,0.623120 
[performance_estimation] ,57472,0.930057,0.999251,0.782745,0.727452,0.623236 
[performance_estimation] ,57536,0.929942,0.998001,0.825034,0.765700,0.623394 
[performance_estimation] ,57600,0.929852,0.997742,0.835802,0.775418,0.623563 
[performance_estimation] ,57664,0.929864,0.998502,0.836034,0.776233,0.623733 
[performance_estimation] ,57728,0.929863,0.997142,0.811720,0.752631,0.623876 
[performance_estimation] ,57792,0.929723,0.998393,0.794323,0.737314,0.624001 
[performance_estimation] ,57856,0.929652,0.997963,0.828537,0.768682,0.624161 
[performance_estimation] ,57920,0.929736,0.998100,0.817017,0.758166,0.624309 
[performance_estimation] ,57984,0.929637,0.998754,0.815859,0.757507,0.624456 
[performance_estimation] ,58048,0.929645,0.999815,0.801415,0.744894,0.624589 
[performance_estimation] ,58112,0.929709,0.999496,0.818319,0.760416,0.624739 
[performance_estimation] ,58176,0.929851,0.999098,0.812212,0.754555,0.624882 
[performance_estimation] ,58240,0.929968,0.998069,0.790010,0.733266,0.625001 
[performance_estimation] ,58304,0.930355,0.996112,0.809867,0.750535,0.625138 
[performance_estimation] ,58368,0.930644,0.997476,0.809057,0.751043,0.625277 
[performance_estimation] ,58432,0.930792,0.997338,0.818638,0.759953,0.625424 
[performance_estimation] ,58496,0.931098,0.997368,0.828132,0.769042,0.625581 
[performance_estimation] ,58560,0.931538,0.997874,0.837307,0.778325,0.625748 
[performance_estimation] ,58624,0.931740,0.999004,0.818869,0.762214,0.625897 
[performance_estimation] ,58688,0.931905,0.999276,0.808449,0.752852,0.626036 
[performance_estimation] ,58752,0.932156,0.999185,0.831055,0.774042,0.626197 
[performance_estimation] ,58816,0.932136,0.999806,0.790618,0.736821,0.626317 
[performance_estimation] ,58880,0.932190,0.999777,0.816525,0.760987,0.626464 
[performance_estimation] ,58944,0.932282,0.999930,0.812125,0.757076,0.626605 
[performance_estimation] ,59008,0.932244,0.999392,0.834702,0.777674,0.626769 
[performance_estimation] ,59072,0.932016,0.998865,0.817219,0.760797,0.626914 
[performance_estimation] ,59136,0.931897,0.998593,0.808738,0.752600,0.627050 
[performance_estimation] ,59200,0.931531,0.996906,0.789403,0.733078,0.627165 
[performance_estimation] ,59264,0.931357,0.999097,0.803354,0.747534,0.627295 
[performance_estimation] ,59328,0.931415,0.999400,0.826945,0.769767,0.627449 
[performance_estimation] ,59392,0.931354,0.999660,0.837307,0.779564,0.627613 
[performance_estimation] ,59456,0.931532,0.999508,0.788100,0.733780,0.627727 
[performance_estimation] ,59520,0.931690,0.999737,0.829637,0.772760,0.627883 
[performance_estimation] ,59584,0.931705,0.999424,0.821127,0.764608,0.628030 
[performance_estimation] ,59648,0.931480,0.999377,0.818782,0.762205,0.628174 
[performance_estimation] ,59712,0.931465,0.999089,0.822574,0.765501,0.628321 
[performance_estimation] ,59776,0.931305,0.998836,0.812298,0.755616,0.628457 
[performance_estimation] ,59840,0.931147,0.999030,0.786276,0.731428,0.628567 
[performance_estimation] ,59904,0.931080,0.998433,0.815135,0.757767,0.628705 
[performance_estimation] ,59968,0.930970,0.999026,0.804425,0.748167,0.628833 
[performance_estimation] ,60032,0.930897,0.998401,0.829376,0.770829,0.628984 
[performance_estimation] ,60096,0.930836,0.998334,0.826105,0.767687,0.629132 
[performance_estimation] ,60160,0.931181,0.995755,0.739703,0.685873,0.629192 
[performance_estimation] ,60224,0.931112,0.995599,0.780256,0.723308,0.629292 
[performance_estimation] ,60288,0.931029,0.996656,0.787695,0.730914,0.629400 
[performance_estimation] ,60352,0.931243,0.997452,0.821850,0.763393,0.629542 
[performance_estimation] ,60416,0.931419,0.997413,0.820432,0.762189,0.629683 
[performance_estimation] ,60480,0.931383,0.998378,0.815627,0.758429,0.629819 
[performance_estimation] ,60544,0.931803,0.997204,0.791255,0.735232,0.629930 
[performance_estimation] ,60608,0.932057,0.996828,0.827698,0.769014,0.630077 
[performance_estimation] ,60672,0.931965,0.997642,0.815222,0.757967,0.630212 
[performance_estimation] ,60736,0.931861,0.998517,0.813080,0.756554,0.630345 
[performance_estimation] ,60800,0.931886,0.999376,0.782137,0.728408,0.630449 
[performance_estimation] ,60864,0.931801,0.999713,0.793310,0.738996,0.630563 
[performance_estimation] ,60928,0.931742,0.999632,0.814440,0.758570,0.630697 
[performance_estimation] ,60992,0.931614,0.999844,0.805902,0.750672,0.630823 
[performance_estimation] ,61056,0.931561,0.999346,0.790589,0.736001,0.630933 
[performance_estimation] ,61120,0.931702,0.999112,0.833950,0.776303,0.631086 
[performance_estimation] ,61184,0.931590,0.998878,0.825498,0.768163,0.631229 
[performance_estimation] ,61248,0.931785,0.998855,0.827842,0.770488,0.631374 
[performance_estimation] ,61312,0.931825,0.999408,0.804512,0.749221,0.631498 
[performance_estimation] ,61376,0.931850,0.999246,0.795915,0.741115,0.631612 
[performance_estimation] ,61440,0.931833,0.999833,0.812906,0.757366,0.631743 
[performance_estimation] ,61504,0.931762,0.998466,0.770356,0.716688,0.631831 
[performance_estimation] ,61568,0.931847,0.998135,0.760573,0.707416,0.631910 
[performance_estimation] ,61632,0.931972,0.997397,0.821879,0.763975,0.632047 
[performance_estimation] ,61696,0.931753,0.997155,0.819593,0.761485,0.632181 
[performance_estimation] ,61760,0.931686,0.998322,0.800141,0.744229,0.632297 
[performance_estimation] ,61824,0.931525,0.998196,0.793629,0.737951,0.632407 
[performance_estimation] ,61888,0.931378,0.998364,0.773077,0.718849,0.632496 
[performance_estimation] ,61952,0.931301,0.999207,0.739443,0.688098,0.632553 
[performance_estimation] ,62016,0.931130,0.999744,0.808391,0.752525,0.632677 
[performance_estimation] ,62080,0.931102,0.999225,0.799881,0.744194,0.632792 
[performance_estimation] ,62144,0.931185,0.998506,0.772354,0.718130,0.632880 
[performance_estimation] ,62208,0.931376,0.997420,0.801820,0.744870,0.632995 